loading REA1 03 ../data/initial_points/
	it	fr	||dx||	f	th1	th2	tV	ro	tipo_iter

  Starting point X:

  0.000000
  0.000000
  0.000000
  0.000000
  0.000000
  0.000000
  0.000000
  0.000000
  0.000000
  0.000000
  0.000000
  0.000000
  0.000000
  0.000000
  0.000000
  0.000000
  0.000000
  0.000000
  0.000000
  0.000000
  0.000000
  0.000000
  0.000000
  0.000000
  0.000000
  0.000000

  Return code IFAULT = 0.000000

  Estimate of minimizing value X*:

  0.198568
  -0.025289
  0.007601
  0.130767
  0.115424
  0.146813
  -0.069828
  -0.023048
  -0.020904
  0.047217
  0.022585
  0.020866
  0.012998
  -0.002864
  0.032005
  0.001369
  -0.047636
  -0.007016
  -0.024715
  0.047518
  0.184852
  0.021342
  0.000390
  -0.017947
  0.034300
  0.016523

  F(X*) = 0.093153

  Number of iterations = 905
  Number of restarts =   0
norm_iterate_deriv=2.322486
	 1	  3	 2.3225	-0.0877	 0.0001	 0.0001	 0.0929	 2.00	w
	 1	  3	 2.3226	-0.0877	 0.0001	 0.0001	 0.0929	 1.00	w
	 1	  3	 2.3225	-0.0877	 0.0001	 0.0001	 0.0929	 0.50	w
	 1	  2	 1.3372	-0.0877	 0.0001	 0.0001	 0.0929	 0.25	w

  Starting point X:

  0.198568
  -0.025289
  0.007601
  0.130767
  0.115424
  0.146813
  -0.069828
  -0.023048
  -0.020904
  0.047217
  0.022585
  0.020866
  0.012998
  -0.002864
  0.032005
  0.001369
  -0.047636
  -0.007016
  -0.024715
  0.047518
  0.184852
  0.021342
  0.000390
  -0.017947
  0.034300
  0.016523

  Return code IFAULT = 0.000000

  Estimate of minimizing value X*:

  0.151607
  -0.080665
  0.209656
  0.462767
  0.158029
  0.217111
  -0.076942
  -0.024312
  -0.018810
  0.048033
  0.252229
  0.026378
  0.010554
  -0.000704
  0.033144
  0.001790
  -0.026280
  -0.005100
  -0.029000
  0.047576
  0.382646
  0.021950
  -0.005862
  -0.024014
  0.038487
  0.022980

  F(X*) = 0.088516

  Number of iterations = 1052
  Number of restarts =   1

  Starting point X:

  0.151607
  -0.080665
  0.209656
  0.462767
  0.158029
  0.217111
  -0.076942
  -0.024312
  -0.018810
  0.048033
  0.252229
  0.026378
  0.010554
  -0.000704
  0.033144
  0.001790
  -0.026280
  -0.005100
  -0.029000
  0.047576
  0.382646
  0.021950
  -0.005862
  -0.024014
  0.038487
  0.022980

  Return code IFAULT = 0.000000

  Estimate of minimizing value X*:

  0.151607
  -0.080665
  0.209656
  0.462767
  0.158029
  0.217111
  -0.076942
  -0.024312
  -0.018810
  0.048033
  0.252229
  0.026378
  0.010554
  -0.000704
  0.033144
  0.001790
  -0.026280
  -0.005100
  -0.029000
  0.047576
  0.382646
  0.021950
  -0.005862
  -0.024014
  0.038487
  0.022980

  F(X*) = 0.088516

  Number of iterations = 823
  Number of restarts =   0

  Starting point X:

  0.151607
  -0.080665
  0.209656
  0.462767
  0.158029
  0.217111
  -0.076942
  -0.024312
  -0.018810
  0.048033
  0.252229
  0.026378
  0.010554
  -0.000704
  0.033144
  0.001790
  -0.026280
  -0.005100
  -0.029000
  0.047576
  0.382646
  0.021950
  -0.005862
  -0.024014
  0.038487
  0.022980

  Return code IFAULT = 0.000000

  Estimate of minimizing value X*:

  0.151607
  -0.080665
  0.209656
  0.462767
  0.158029
  0.217111
  -0.076942
  -0.024312
  -0.018810
  0.048033
  0.252229
  0.026378
  0.010554
  -0.000704
  0.033144
  0.001790
  -0.026280
  -0.005100
  -0.029000
  0.047576
  0.382646
  0.021950
  -0.005862
  -0.024014
  0.038487
  0.022980

  F(X*) = 0.088516

  Number of iterations = 823
  Number of restarts =   0

  Starting point X:

  0.151607
  -0.080665
  0.209656
  0.462767
  0.158029
  0.217111
  -0.076942
  -0.024312
  -0.018810
  0.048033
  0.252229
  0.026378
  0.010554
  -0.000704
  0.033144
  0.001790
  -0.026280
  -0.005100
  -0.029000
  0.047576
  0.382646
  0.021950
  -0.005862
  -0.024014
  0.038487
  0.022980

  Return code IFAULT = 0.000000

  Estimate of minimizing value X*:

  0.151607
  -0.080665
  0.209656
  0.462767
  0.158029
  0.217111
  -0.076942
  -0.024312
  -0.018810
  0.048033
  0.252229
  0.026378
  0.010554
  -0.000704
  0.033144
  0.001790
  -0.026280
  -0.005100
  -0.029000
  0.047576
  0.382646
  0.021950
  -0.005862
  -0.024014
  0.038487
  0.022980

  F(X*) = 0.088516

  Number of iterations = 823
  Number of restarts =   0

  Starting point X:

  0.151607
  -0.080665
  0.209656
  0.462767
  0.158029
  0.217111
  -0.076942
  -0.024312
  -0.018810
  0.048033
  0.252229
  0.026378
  0.010554
  -0.000704
  0.033144
  0.001790
  -0.026280
  -0.005100
  -0.029000
  0.047576
  0.382646
  0.021950
  -0.005862
  -0.024014
  0.038487
  0.022980

  Return code IFAULT = 0.000000

  Estimate of minimizing value X*:

  0.151607
  -0.080665
  0.209656
  0.462767
  0.158029
  0.217111
  -0.076942
  -0.024312
  -0.018810
  0.048033
  0.252229
  0.026378
  0.010554
  -0.000704
  0.033144
  0.001790
  -0.026280
  -0.005100
  -0.029000
  0.047576
  0.382646
  0.021950
  -0.005862
  -0.024014
  0.038487
  0.022980

  F(X*) = 0.088516

  Number of iterations = 823
  Number of restarts =   0

  Starting point X:

  0.151607
  -0.080665
  0.209656
  0.462767
  0.158029
  0.217111
  -0.076942
  -0.024312
  -0.018810
  0.048033
  0.252229
  0.026378
  0.010554
  -0.000704
  0.033144
  0.001790
  -0.026280
  -0.005100
  -0.029000
  0.047576
  0.382646
  0.021950
  -0.005862
  -0.024014
  0.038487
  0.022980

  Return code IFAULT = 0.000000

  Estimate of minimizing value X*:

  0.151607
  -0.080665
  0.209656
  0.462767
  0.158029
  0.217111
  -0.076942
  -0.024312
  -0.018810
  0.048033
  0.252229
  0.026378
  0.010554
  -0.000704
  0.033144
  0.001790
  -0.026280
  -0.005100
  -0.029000
  0.047576
  0.382646
  0.021950
  -0.005862
  -0.024014
  0.038487
  0.022980

  F(X*) = 0.088516

  Number of iterations = 823
  Number of restarts =   0

  Starting point X:

  0.151607
  -0.080665
  0.209656
  0.462767
  0.158029
  0.217111
  -0.076942
  -0.024312
  -0.018810
  0.048033
  0.252229
  0.026378
  0.010554
  -0.000704
  0.033144
  0.001790
  -0.026280
  -0.005100
  -0.029000
  0.047576
  0.382646
  0.021950
  -0.005862
  -0.024014
  0.038487
  0.022980

  Return code IFAULT = 0.000000

  Estimate of minimizing value X*:

  0.151607
  -0.080665
  0.209656
  0.462767
  0.158029
  0.217111
  -0.076942
  -0.024312
  -0.018810
  0.048033
  0.252229
  0.026378
  0.010554
  -0.000704
  0.033144
  0.001790
  -0.026280
  -0.005100
  -0.029000
  0.047576
  0.382646
  0.021950
  -0.005862
  -0.024014
  0.038487
  0.022980

  F(X*) = 0.088516

  Number of iterations = 823
  Number of restarts =   0

  Starting point X:

  0.151607
  -0.080665
  0.209656
  0.462767
  0.158029
  0.217111
  -0.076942
  -0.024312
  -0.018810
  0.048033
  0.252229
  0.026378
  0.010554
  -0.000704
  0.033144
  0.001790
  -0.026280
  -0.005100
  -0.029000
  0.047576
  0.382646
  0.021950
  -0.005862
  -0.024014
  0.038487
  0.022980

  Return code IFAULT = 0.000000

  Estimate of minimizing value X*:

  0.151607
  -0.080665
  0.209656
  0.462767
  0.158029
  0.217111
  -0.076942
  -0.024312
  -0.018810
  0.048033
  0.252229
  0.026378
  0.010554
  -0.000704
  0.033144
  0.001790
  -0.026280
  -0.005100
  -0.029000
  0.047576
  0.382646
  0.021950
  -0.005862
  -0.024014
  0.038487
  0.022980

  F(X*) = 0.088516

  Number of iterations = 823
  Number of restarts =   0

  Starting point X:

  0.151607
  -0.080665
  0.209656
  0.462767
  0.158029
  0.217111
  -0.076942
  -0.024312
  -0.018810
  0.048033
  0.252229
  0.026378
  0.010554
  -0.000704
  0.033144
  0.001790
  -0.026280
  -0.005100
  -0.029000
  0.047576
  0.382646
  0.021950
  -0.005862
  -0.024014
  0.038487
  0.022980

  Return code IFAULT = 0.000000

  Estimate of minimizing value X*:

  0.151607
  -0.080665
  0.209656
  0.462767
  0.158029
  0.217111
  -0.076942
  -0.024312
  -0.018810
  0.048033
  0.252229
  0.026378
  0.010554
  -0.000704
  0.033144
  0.001790
  -0.026280
  -0.005100
  -0.029000
  0.047576
  0.382646
  0.021950
  -0.005862
  -0.024014
  0.038487
  0.022980

  F(X*) = 0.088516

  Number of iterations = 823
  Number of restarts =   0

  Starting point X:

  0.151607
  -0.080665
  0.209656
  0.462767
  0.158029
  0.217111
  -0.076942
  -0.024312
  -0.018810
  0.048033
  0.252229
  0.026378
  0.010554
  -0.000704
  0.033144
  0.001790
  -0.026280
  -0.005100
  -0.029000
  0.047576
  0.382646
  0.021950
  -0.005862
  -0.024014
  0.038487
  0.022980

  Return code IFAULT = 0.000000

  Estimate of minimizing value X*:

  0.151607
  -0.080665
  0.209656
  0.462767
  0.158029
  0.217111
  -0.076942
  -0.024312
  -0.018810
  0.048033
  0.252229
  0.026378
  0.010554
  -0.000704
  0.033144
  0.001790
  -0.026280
  -0.005100
  -0.029000
  0.047576
  0.382646
  0.021950
  -0.005862
  -0.024014
  0.038487
  0.022980

  F(X*) = 0.088516

  Number of iterations = 823
  Number of restarts =   0

  Starting point X:

  0.151607
  -0.080665
  0.209656
  0.462767
  0.158029
  0.217111
  -0.076942
  -0.024312
  -0.018810
  0.048033
  0.252229
  0.026378
  0.010554
  -0.000704
  0.033144
  0.001790
  -0.026280
  -0.005100
  -0.029000
  0.047576
  0.382646
  0.021950
  -0.005862
  -0.024014
  0.038487
  0.022980

  Return code IFAULT = 0.000000

  Estimate of minimizing value X*:

  0.151607
  -0.080665
  0.209656
  0.462767
  0.158029
  0.217111
  -0.076942
  -0.024312
  -0.018810
  0.048033
  0.252229
  0.026378
  0.010554
  -0.000704
  0.033144
  0.001790
  -0.026280
  -0.005100
  -0.029000
  0.047576
  0.382646
  0.021950
  -0.005862
  -0.024014
  0.038487
  0.022980

  F(X*) = 0.088516

  Number of iterations = 823
  Number of restarts =   0

  Starting point X:

  0.151607
  -0.080665
  0.209656
  0.462767
  0.158029
  0.217111
  -0.076942
  -0.024312
  -0.018810
  0.048033
  0.252229
  0.026378
  0.010554
  -0.000704
  0.033144
  0.001790
  -0.026280
  -0.005100
  -0.029000
  0.047576
  0.382646
  0.021950
  -0.005862
  -0.024014
  0.038487
  0.022980

  Return code IFAULT = 0.000000

  Estimate of minimizing value X*:

  0.151607
  -0.080665
  0.209656
  0.462767
  0.158029
  0.217111
  -0.076942
  -0.024312
  -0.018810
  0.048033
  0.252229
  0.026378
  0.010554
  -0.000704
  0.033144
  0.001790
  -0.026280
  -0.005100
  -0.029000
  0.047576
  0.382646
  0.021950
  -0.005862
  -0.024014
  0.038487
  0.022980

  F(X*) = 0.088516

  Number of iterations = 823
  Number of restarts =   0

  Starting point X:

  0.151607
  -0.080665
  0.209656
  0.462767
  0.158029
  0.217111
  -0.076942
  -0.024312
  -0.018810
  0.048033
  0.252229
  0.026378
  0.010554
  -0.000704
  0.033144
  0.001790
  -0.026280
  -0.005100
  -0.029000
  0.047576
  0.382646
  0.021950
  -0.005862
  -0.024014
  0.038487
  0.022980

  Return code IFAULT = 0.000000

  Estimate of minimizing value X*:

  0.151607
  -0.080665
  0.209656
  0.462767
  0.158029
  0.217111
  -0.076942
  -0.024312
  -0.018810
  0.048033
  0.252229
  0.026378
  0.010554
  -0.000704
  0.033144
  0.001790
  -0.026280
  -0.005100
  -0.029000
  0.047576
  0.382646
  0.021950
  -0.005862
  -0.024014
  0.038487
  0.022980

  F(X*) = 0.088516

  Number of iterations = 823
  Number of restarts =   0

  Starting point X:

  0.151607
  -0.080665
  0.209656
  0.462767
  0.158029
  0.217111
  -0.076942
  -0.024312
  -0.018810
  0.048033
  0.252229
  0.026378
  0.010554
  -0.000704
  0.033144
  0.001790
  -0.026280
  -0.005100
  -0.029000
  0.047576
  0.382646
  0.021950
  -0.005862
  -0.024014
  0.038487
  0.022980

  Return code IFAULT = 0.000000

  Estimate of minimizing value X*:

  0.151607
  -0.080665
  0.209656
  0.462767
  0.158029
  0.217111
  -0.076942
  -0.024312
  -0.018810
  0.048033
  0.252229
  0.026378
  0.010554
  -0.000704
  0.033144
  0.001790
  -0.026280
  -0.005100
  -0.029000
  0.047576
  0.382646
  0.021950
  -0.005862
  -0.024014
  0.038487
  0.022980

  F(X*) = 0.088516

  Number of iterations = 823
  Number of restarts =   0

  Starting point X:

  0.151607
  -0.080665
  0.209656
  0.462767
  0.158029
  0.217111
  -0.076942
  -0.024312
  -0.018810
  0.048033
  0.252229
  0.026378
  0.010554
  -0.000704
  0.033144
  0.001790
  -0.026280
  -0.005100
  -0.029000
  0.047576
  0.382646
  0.021950
  -0.005862
  -0.024014
  0.038487
  0.022980

  Return code IFAULT = 0.000000

  Estimate of minimizing value X*:

  0.151607
  -0.080665
  0.209656
  0.462767
  0.158029
  0.217111
  -0.076942
  -0.024312
  -0.018810
  0.048033
  0.252229
  0.026378
  0.010554
  -0.000704
  0.033144
  0.001790
  -0.026280
  -0.005100
  -0.029000
  0.047576
  0.382646
  0.021950
  -0.005862
  -0.024014
  0.038487
  0.022980

  F(X*) = 0.088516

  Number of iterations = 823
  Number of restarts =   0

  Starting point X:

  0.151607
  -0.080665
  0.209656
  0.462767
  0.158029
  0.217111
  -0.076942
  -0.024312
  -0.018810
  0.048033
  0.252229
  0.026378
  0.010554
  -0.000704
  0.033144
  0.001790
  -0.026280
  -0.005100
  -0.029000
  0.047576
  0.382646
  0.021950
  -0.005862
  -0.024014
  0.038487
  0.022980

  Return code IFAULT = 0.000000

  Estimate of minimizing value X*:

  0.151607
  -0.080665
  0.209656
  0.462767
  0.158029
  0.217111
  -0.076942
  -0.024312
  -0.018810
  0.048033
  0.252229
  0.026378
  0.010554
  -0.000704
  0.033144
  0.001790
  -0.026280
  -0.005100
  -0.029000
  0.047576
  0.382646
  0.021950
  -0.005862
  -0.024014
  0.038487
  0.022980

  F(X*) = 0.088516

  Number of iterations = 823
  Number of restarts =   0

  Starting point X:

  0.151607
  -0.080665
  0.209656
  0.462767
  0.158029
  0.217111
  -0.076942
  -0.024312
  -0.018810
  0.048033
  0.252229
  0.026378
  0.010554
  -0.000704
  0.033144
  0.001790
  -0.026280
  -0.005100
  -0.029000
  0.047576
  0.382646
  0.021950
  -0.005862
  -0.024014
  0.038487
  0.022980

  Return code IFAULT = 0.000000

  Estimate of minimizing value X*:

  0.151607
  -0.080665
  0.209656
  0.462767
  0.158029
  0.217111
  -0.076942
  -0.024312
  -0.018810
  0.048033
  0.252229
  0.026378
  0.010554
  -0.000704
  0.033144
  0.001790
  -0.026280
  -0.005100
  -0.029000
  0.047576
  0.382646
  0.021950
  -0.005862
  -0.024014
  0.038487
  0.022980

  F(X*) = 0.088516

  Number of iterations = 823
  Number of restarts =   0

  Starting point X:

  0.151607
  -0.080665
  0.209656
  0.462767
  0.158029
  0.217111
  -0.076942
  -0.024312
  -0.018810
  0.048033
  0.252229
  0.026378
  0.010554
  -0.000704
  0.033144
  0.001790
  -0.026280
  -0.005100
  -0.029000
  0.047576
  0.382646
  0.021950
  -0.005862
  -0.024014
  0.038487
  0.022980

  Return code IFAULT = 0.000000

  Estimate of minimizing value X*:

  0.151607
  -0.080665
  0.209656
  0.462767
  0.158029
  0.217111
  -0.076942
  -0.024312
  -0.018810
  0.048033
  0.252229
  0.026378
  0.010554
  -0.000704
  0.033144
  0.001790
  -0.026280
  -0.005100
  -0.029000
  0.047576
  0.382646
  0.021950
  -0.005862
  -0.024014
  0.038487
  0.022980

  F(X*) = 0.088516

  Number of iterations = 823
  Number of restarts =   0

  Starting point X:

  0.151607
  -0.080665
  0.209656
  0.462767
  0.158029
  0.217111
  -0.076942
  -0.024312
  -0.018810
  0.048033
  0.252229
  0.026378
  0.010554
  -0.000704
  0.033144
  0.001790
  -0.026280
  -0.005100
  -0.029000
  0.047576
  0.382646
  0.021950
  -0.005862
  -0.024014
  0.038487
  0.022980

  Return code IFAULT = 0.000000

  Estimate of minimizing value X*:

  0.151607
  -0.080665
  0.209656
  0.462767
  0.158029
  0.217111
  -0.076942
  -0.024312
  -0.018810
  0.048033
  0.252229
  0.026378
  0.010554
  -0.000704
  0.033144
  0.001790
  -0.026280
  -0.005100
  -0.029000
  0.047576
  0.382646
  0.021950
  -0.005862
  -0.024014
  0.038487
  0.022980

  F(X*) = 0.088516

  Number of iterations = 823
  Number of restarts =   0

  Starting point X:

  0.151607
  -0.080665
  0.209656
  0.462767
  0.158029
  0.217111
  -0.076942
  -0.024312
  -0.018810
  0.048033
  0.252229
  0.026378
  0.010554
  -0.000704
  0.033144
  0.001790
  -0.026280
  -0.005100
  -0.029000
  0.047576
  0.382646
  0.021950
  -0.005862
  -0.024014
  0.038487
  0.022980

  Return code IFAULT = 0.000000

  Estimate of minimizing value X*:

  0.151607
  -0.080665
  0.209656
  0.462767
  0.158029
  0.217111
  -0.076942
  -0.024312
  -0.018810
  0.048033
  0.252229
  0.026378
  0.010554
  -0.000704
  0.033144
  0.001790
  -0.026280
  -0.005100
  -0.029000
  0.047576
  0.382646
  0.021950
  -0.005862
  -0.024014
  0.038487
  0.022980

  F(X*) = 0.088516

  Number of iterations = 823
  Number of restarts =   0

  Starting point X:

  0.151607
  -0.080665
  0.209656
  0.462767
  0.158029
  0.217111
  -0.076942
  -0.024312
  -0.018810
  0.048033
  0.252229
  0.026378
  0.010554
  -0.000704
  0.033144
  0.001790
  -0.026280
  -0.005100
  -0.029000
  0.047576
  0.382646
  0.021950
  -0.005862
  -0.024014
  0.038487
  0.022980

  Return code IFAULT = 0.000000

  Estimate of minimizing value X*:

  0.151607
  -0.080665
  0.209656
  0.462767
  0.158029
  0.217111
  -0.076942
  -0.024312
  -0.018810
  0.048033
  0.252229
  0.026378
  0.010554
  -0.000704
  0.033144
  0.001790
  -0.026280
  -0.005100
  -0.029000
  0.047576
  0.382646
  0.021950
  -0.005862
  -0.024014
  0.038487
  0.022980

  F(X*) = 0.088516

  Number of iterations = 823
  Number of restarts =   0
FAILS OF STEP 1 (RESTORATION)
F:
0.198568	0.007601	0.115424	
-0.025289	0.130767	0.146813	
Q:
-0.069828	-0.023048	-0.020904	0.047217	
-0.023048	0.022585	0.020866	0.012998	
-0.020904	0.020866	-0.002864	0.032005	
0.047217	0.012998	0.032005	0.001369	
V:
-0.047636	-0.007016	-0.024715	0.047518	
-0.007016	0.184852	0.021342	0.000390	
-0.024715	0.021342	-0.017947	0.034300	
0.047518	0.000390	0.034300	0.016523	
Elements time: 0.000000 
Factor time: 0.000000 
Other time: 2.903097 
Total time: 2.903097 
